     0/299     2.67G    0.1055    0.2429   0.01671    0.3651        83       352    0.0458    0.3507    0.1947   0.06758         0     0.206         0
     1/299      3.8G   0.07798    0.2206  0.002661    0.3012        40       352   0.07459    0.3644    0.2244   0.09363         0    0.1506         0
     2/299      3.8G   0.07425    0.2223  0.002473     0.299        63       352   0.08033    0.3787     0.276    0.1182         0    0.2211         0
     3/299      3.8G   0.06938    0.2272  0.002603    0.2991        48       352    0.2768    0.3651    0.3932      0.14         0    0.3102         0
     4/299      3.8G   0.06771    0.2125  0.002458    0.2827        30       352    0.4822    0.7331    0.6218    0.2715         0    0.2924         0
     5/299      3.8G   0.06805    0.2127  0.002396    0.2831        18       352    0.3326    0.8268    0.5638    0.2337         0    0.2674         0
     6/299      3.8G   0.06319    0.2116  0.002057    0.2769        26       352    0.2674    0.7707    0.4899    0.1975         0    0.2773         0
     7/299      3.8G   0.05766    0.2019  0.001544    0.2611        78       352    0.3339    0.7954    0.6938    0.3405         0    0.3198         0
     8/299      3.8G   0.05386       0.2  0.001299    0.2551        34       352     0.451    0.8081    0.7496     0.358         0    0.3007         0
     9/299      3.8G    0.0515    0.1943  0.001144    0.2469        46       352    0.4766    0.8144    0.7342    0.3498         0    0.2673         0
    10/299      3.8G   0.05125    0.1933  0.001137    0.2457       109       352    0.3999    0.8476    0.7944    0.3299         0    0.2979         0
    11/299      3.8G   0.04808    0.1912  0.000958    0.2402        82       352    0.4911    0.8178    0.7913    0.3809         0    0.3116         0
    12/299      3.8G   0.04878    0.1886 0.0009035    0.2382        47       352    0.5171     0.836    0.8094    0.4038         0    0.2957         0
    13/299      3.8G   0.04677    0.1807 0.0008629    0.2283        25       352    0.5148    0.8102     0.801    0.4271         0    0.3382         0
    14/299      3.8G   0.04651    0.1826 0.0008278    0.2299        77       352    0.5613    0.8295    0.7843    0.3804         0    0.3473         0
    15/299      3.8G    0.0455    0.1827 0.0007504    0.2289        64       352    0.5403    0.8353    0.8094     0.408         0    0.3382         0
    16/299      3.8G   0.04566     0.184 0.0007371    0.2304        70       352     0.557    0.8491    0.8027    0.4199         0    0.3425         0
    17/299      3.8G   0.04558    0.1792 0.0007126    0.2255        32       352    0.5614    0.7931    0.7575     0.404         0    0.3409         0
    18/299      3.8G   0.04361    0.1778 0.0006743    0.2221        40       352    0.5334    0.8124    0.7561    0.4129         0    0.3603         0
    19/299      3.8G   0.04424    0.1786 0.0006467    0.2235        68       352    0.4934    0.8012    0.7569    0.3836         0    0.3343         0
    20/299      3.8G   0.04364    0.1738 0.0006472    0.2181        19       352    0.6045    0.8323    0.8146    0.4468         0    0.3513         0
    21/299      3.8G   0.04307     0.176  0.000596    0.2197        86       352    0.5159     0.749    0.7044    0.3918         0    0.3387         0
    22/299      3.8G    0.0429    0.1752 0.0005831    0.2187        81       352    0.6211    0.8471    0.8163    0.4484         0     0.346         0
    23/299      3.8G   0.04253    0.1734 0.0005493    0.2165        66       352    0.5448    0.8209    0.7988    0.4383         0    0.3418         0
    24/299      3.8G   0.04309    0.1781 0.0006162    0.2218        79       352    0.6349     0.837    0.8157    0.4176         0    0.3372         0
    25/299      3.8G   0.04131    0.1711  0.000536     0.213        90       352    0.5312    0.7532     0.732    0.3916         0    0.3631         0
    26/299      3.8G   0.04147    0.1726 0.0005026    0.2146        39       352    0.6378    0.8145    0.7904    0.4119         0    0.3492         0
    27/299      3.8G   0.04082    0.1692 0.0004857    0.2105        74       352    0.5146    0.7186    0.6767    0.3884         0    0.3667         0
    28/299      3.8G    0.0404    0.1679 0.0004753    0.2087        70       352    0.6649    0.8495    0.8258    0.4588         0    0.3742         0
    29/299      3.8G   0.04135    0.1643 0.0004816    0.2061        25       352    0.5486    0.7513    0.7118    0.4035         0    0.3457         0
    30/299      3.8G   0.04164     0.173 0.0004952    0.2152        20       352     0.674    0.8311     0.823    0.4083         0    0.3527         0
    31/299      3.8G    0.0405    0.1694 0.0004672    0.2103        81       352    0.6005    0.8001    0.7646    0.4137         0    0.3456         0
    32/299      3.8G    0.0399    0.1684 0.0004619    0.2088       114       352    0.6359    0.8089    0.7998    0.4199         0    0.3535         0
    33/299      3.8G   0.03965    0.1644 0.0004215    0.2045        53       352    0.5951    0.7582    0.7272     0.389         0     0.354         0
    34/299      3.8G   0.04037    0.1676 0.0004448    0.2085        59       352    0.6762    0.8615    0.8411    0.4896         0    0.3659         0
    35/299      3.8G   0.04012    0.1644 0.0004343     0.205       124       352    0.5963    0.8203    0.7841    0.3959         0    0.3704         0
    36/299      3.8G   0.03932    0.1629 0.0004275    0.2027        47       352    0.6438    0.8219    0.8022    0.4614         0    0.3858         0
    37/299      3.8G   0.03965    0.1652 0.0004086    0.2052        44       352     0.704    0.8395    0.8422    0.4605         0     0.352         0
    38/299      3.8G   0.03921    0.1624 0.0004031     0.202        53       352    0.6811     0.847     0.834    0.4731         0     0.372         0
    39/299      3.8G   0.03919     0.165 0.0003872    0.2046        68       352    0.6164    0.8307    0.8223    0.4493         0    0.3536         0
    40/299      3.8G   0.03948    0.1674 0.0003997    0.2073        56       352    0.6267    0.8145    0.8114    0.4519         0    0.3526         0
    41/299      3.8G    0.0388    0.1638 0.0003866     0.203       108       352    0.6691    0.8513    0.8467    0.4711         0    0.3715         0
    42/299      3.8G    0.0389    0.1592 0.0003682    0.1985        63       352    0.6018    0.8226    0.8025    0.4689         0    0.3727         0
    43/299      3.8G   0.03852     0.161 0.0003679    0.1999        43       352    0.6278     0.805    0.7895    0.4237         0    0.3751         0
    44/299      3.8G   0.03889    0.1593 0.0003847    0.1986        62       352     0.678    0.8417    0.8267     0.452         0      0.38         0
    45/299      3.8G   0.03842    0.1575 0.0003733    0.1963        45       352    0.6752    0.8393    0.8343    0.4812         0    0.3523         0
    46/299      3.8G   0.03854    0.1606 0.0003678    0.1995        51       352    0.6388    0.8414    0.8275    0.4589         0     0.371         0
    47/299      3.8G   0.03718    0.1558 0.0003438    0.1933        61       352    0.7012    0.8462    0.8277    0.4904         0    0.3903         0
    48/299      3.8G   0.03797    0.1617 0.0003265       0.2        37       352    0.5869    0.7784    0.7429    0.3825         0    0.3866         0
    49/299      3.8G   0.03759    0.1608 0.0003295    0.1988        38       352    0.6467    0.8439     0.821    0.4692         0    0.4044         0
    50/299      3.8G   0.03914    0.1619 0.0003662    0.2014        50       352     0.679    0.8251     0.796    0.4129         0    0.3853         0
    51/299      3.8G   0.03724    0.1572  0.000335    0.1947        38       352      0.64    0.7993    0.7619    0.4014         0    0.4072         0
    52/299      3.8G   0.03796    0.1598 0.0003214     0.198        77       352    0.6891    0.8306     0.808    0.4581         0    0.3842         0
    53/299      3.8G   0.03733    0.1591 0.0003222    0.1967        37       352     0.677    0.8511     0.815    0.4659         0    0.3821         0
    54/299      3.8G   0.03752    0.1566 0.0003253    0.1945        55       352    0.6159     0.818    0.7679     0.429         0    0.4056         0
    55/299      3.8G    0.0373    0.1563 0.0002954    0.1939        67       352    0.6029    0.7833    0.7502    0.4043         0    0.3907         0
    56/299      3.8G   0.03797    0.1576 0.0003219    0.1959       111       352    0.6651    0.8409    0.8217    0.4544         0    0.3822         0
    57/299      3.8G   0.03689     0.155 0.0003034    0.1921        68       352    0.6094    0.8117    0.7781    0.4541         0    0.4082         0
    58/299      3.8G   0.03744    0.1588 0.0003077    0.1965        34       352    0.5825    0.7882    0.7542    0.4236         0    0.3878         0
    59/299      3.8G   0.03708    0.1563 0.0003209    0.1937        85       352    0.6164    0.8103    0.7847    0.4344         0    0.3881         0
    60/299      3.8G   0.03735    0.1553 0.0003161     0.193        25       352    0.6238    0.8108     0.776    0.4127         0    0.3903         0
    61/299      3.8G    0.0363    0.1512 0.0002995    0.1878        43       352    0.6983    0.8373     0.814    0.4552         0    0.3959         0
    62/299      3.8G   0.03636    0.1515 0.0002781    0.1882        37       352     0.683    0.8622    0.8363    0.4911         0    0.4143         0
    63/299      3.8G   0.03662    0.1523 0.0002867    0.1892        26       352    0.6215    0.7996    0.7696    0.4349         0    0.3829         0
    64/299      3.8G   0.03769    0.1553 0.0003137    0.1933        88       352    0.7059    0.8613    0.8245     0.473         0    0.3851         0
    65/299      3.8G   0.03558    0.1518 0.0002772    0.1876        92       352    0.6464    0.8207    0.7977    0.4749         0     0.408         0
    66/299      3.8G   0.03671    0.1531 0.0002822    0.1901        51       352    0.6636    0.8341    0.8022    0.4186         0    0.3959         0
    67/299      3.8G   0.03629    0.1528 0.0002811    0.1893        45       352    0.5933    0.8064    0.7609    0.4451         0    0.4001         0
    68/299      3.8G   0.03675    0.1566 0.0002861    0.1936        35       352    0.6768    0.8542    0.8296    0.4649         0     0.399         0
    69/299      3.8G   0.03572    0.1513 0.0002675    0.1873        54       352    0.6767    0.8617    0.8409    0.4659         0    0.4081         0
    70/299      3.8G   0.03616    0.1525 0.0002795     0.189        29       352    0.6894    0.8561    0.8361    0.4804         0     0.399         0
    71/299      3.8G   0.03569     0.152 0.0002628     0.188        75       352    0.6784    0.8197    0.8015    0.4363         0    0.4105         0
    72/299      3.8G   0.03641    0.1544 0.0002734    0.1911        77       352    0.6346    0.8043    0.7663    0.4351         0    0.3919         0
    73/299      3.8G   0.03596    0.1525  0.000273    0.1887        75       352    0.6588    0.8366    0.8137    0.4635         0     0.404         0
    74/299      3.8G   0.03623    0.1529 0.0002781    0.1894        34       352    0.6966    0.8547    0.8251     0.481         0     0.416         0
    75/299      3.8G    0.0349    0.1499 0.0002546     0.185       124       352    0.6856    0.8266    0.7974    0.4616         0    0.4225         0
    76/299      3.8G   0.03578    0.1516 0.0002485    0.1877        41       352    0.6643     0.833    0.8055    0.4476         0    0.4115         0
    77/299      3.8G    0.0351    0.1501  0.000249    0.1854        14       352    0.6312    0.8385    0.7987    0.4537         0    0.4195         0
    78/299      3.8G   0.03501    0.1471 0.0002393    0.1823        38       352    0.7225    0.8437     0.833    0.4904         0     0.412         0
    79/299      3.8G   0.03536    0.1521  0.000231    0.1877        70       352    0.6902    0.8399    0.8184    0.4695         0    0.4117         0
    80/299      3.8G   0.03549    0.1493 0.0002581     0.185        57       352    0.6237    0.8119    0.7901    0.4685         0    0.3915         0
    81/299      3.8G   0.03556    0.1494 0.0002547    0.1852        64       352    0.6758    0.8176    0.8095    0.4667         0    0.3912         0
    82/299      3.8G   0.03502    0.1483 0.0002566    0.1836        25       352    0.6921    0.8417    0.8196    0.4844         0     0.409         0
    83/299      3.8G   0.03477    0.1483 0.0002209    0.1833        78       352    0.5973    0.7437    0.7182    0.4198         0    0.4267         0
    84/299      3.8G   0.03531    0.1485 0.0002354    0.1841        85       352    0.7118    0.8494    0.8255     0.496         0    0.4162         0
    85/299      3.8G   0.03515    0.1479 0.0002345    0.1832        62       352    0.6376    0.7748    0.7602      0.44         0    0.4196         0
    86/299      3.8G   0.03454    0.1426 0.0002332    0.1773        86       352    0.6611    0.8435    0.8252    0.4818         0    0.4054         0
    87/299      3.8G     0.035    0.1501 0.0002202    0.1853        97       352    0.6274    0.7868    0.7744    0.4577         0    0.4218         0
    88/299      3.8G   0.03457    0.1462 0.0002235     0.181        84       352    0.6642    0.8242    0.8107    0.4519         0    0.4246         0
    89/299      3.8G   0.03441    0.1465  0.000208    0.1812        38       352    0.7006    0.8422    0.8307    0.4812         0    0.4305         0
    90/299      3.8G   0.03462    0.1457 0.0002157    0.1805        38       352    0.6953    0.8365    0.8124    0.4595         0    0.4314         0
    91/299      3.8G   0.03498    0.1458 0.0002145     0.181        52       352    0.6914    0.8447    0.8264    0.4728         0    0.4142         0
    92/299      3.8G     0.035    0.1481 0.0002244    0.1833        65       352     0.715    0.8502    0.8346    0.4802         0    0.4274         0
    93/299      3.8G   0.03417    0.1441 0.0002125    0.1785        37       352    0.6831    0.8294     0.806    0.4735         0     0.436         0
    94/299      3.8G   0.03409    0.1468 0.0002134    0.1811        30       352    0.6539    0.7614    0.7851    0.4312         0     0.431         0
    95/299      3.8G   0.03457    0.1454  0.000216    0.1801        72       352    0.6973    0.8463    0.8249    0.4711         0    0.4231         0
    96/299      3.8G   0.03455    0.1461 0.0002267    0.1808        47       352    0.6851     0.827    0.8096    0.4639         0    0.4129         0
    97/299      3.8G   0.03435    0.1459  0.000219    0.1805        42       352    0.6704    0.8456    0.8171    0.4761         0    0.4168         0
    98/299      3.8G   0.03417    0.1461 0.0002156    0.1805        96       352    0.6177    0.7673     0.743    0.4523         0    0.4252         0
    99/299      3.8G   0.03378    0.1455 0.0001953    0.1794        90       352    0.6386    0.8205    0.7805    0.4563         0    0.4432         0
   100/299      3.8G   0.03418    0.1455 0.0002074    0.1799        60       352    0.6509     0.824    0.8025    0.4369         0    0.4265         0
   101/299      3.8G   0.03422    0.1445 0.0001991    0.1789        78       352    0.6901    0.8092    0.8039    0.4567         0    0.4164         0
   102/299      3.8G   0.03342    0.1427 0.0001982    0.1763        33       352    0.6626    0.8017    0.7817    0.4353         0    0.4329         0
   103/299      3.8G   0.03359    0.1435 0.0001867    0.1773        84       352    0.6279    0.7651    0.7465    0.4438         0    0.4149         0
   104/299      3.8G   0.03435    0.1443 0.0002102    0.1789       101       352    0.6555    0.7887    0.7646    0.4361         0    0.4247         0
   105/299      3.8G   0.03305    0.1422 0.0001876    0.1754        26       352     0.628    0.8056    0.7891     0.454         0    0.4373         0
   106/299      3.8G   0.03434    0.1457 0.0002006    0.1802        33       352    0.6579    0.8187    0.7887    0.4638         0    0.4252         0
   107/299      3.8G   0.03406    0.1445 0.0001903    0.1787        41       352    0.6731    0.8255    0.8111    0.4611         0    0.4221         0
   108/299      3.8G   0.03321    0.1411 0.0002049    0.1745        41       352    0.6822    0.8121    0.7962    0.4556         0    0.4394         0
   109/299      3.8G   0.03408     0.144 0.0001919    0.1783       142       352     0.668    0.8023    0.7807    0.4393         0    0.4356         0
   110/299      3.8G   0.03349    0.1429 0.0001882    0.1766        60       352    0.6435    0.7787    0.7511      0.43         0    0.4381         0
   111/299      3.8G    0.0334    0.1407 0.0001795    0.1743        90       352    0.6926    0.8313    0.8164    0.4763         0    0.4223         0
   112/299      3.8G   0.03386    0.1433 0.0002006    0.1773        47       352    0.6723    0.8127     0.797    0.4674         0    0.4354         0
   113/299      3.8G   0.03311    0.1394 0.0001841    0.1726        31       352    0.6694    0.8136    0.8014     0.482         0    0.4323         0
   114/299      3.8G   0.03376    0.1417 0.0001988    0.1756        64       352    0.6605     0.801    0.7725    0.4453         0    0.4369         0
   115/299      3.8G   0.03295    0.1432 0.0001744    0.1763        55       352    0.6912    0.8182    0.8016    0.4737         0    0.4388         0
   116/299      3.8G   0.03382    0.1398 0.0001852    0.1738        44       352    0.6405    0.7849    0.7594    0.4309         0    0.4289         0
   117/299      3.8G   0.03252    0.1391 0.0001876    0.1718        54       352    0.6853    0.8336    0.8143    0.4846         0    0.4333         0
   118/299      3.8G   0.03308    0.1414  0.000177    0.1747        33       352    0.6984    0.8367    0.8217    0.4687         0     0.433         0
   119/299      3.8G   0.03295    0.1401 0.0001717    0.1733        50       352    0.6833    0.7911    0.7764    0.4694         0    0.4347         0
   120/299      3.8G   0.03375    0.1438 0.0001744    0.1778        77       352      0.64    0.7913    0.7721    0.4353         0    0.4341         0
   121/299      3.8G   0.03266    0.1398 0.0001686    0.1727        27       352    0.6394    0.8222    0.8113    0.4474         0    0.4445         0
   122/299      3.8G   0.03285    0.1396 0.0001605    0.1726       107       352    0.7023    0.8224    0.8099    0.4677         0    0.4337         0
   123/299      3.8G   0.03294    0.1397 0.0001609    0.1728        74       352    0.6864    0.8166    0.8026    0.4624         0    0.4459         0
   124/299      3.8G   0.03287    0.1429 0.0001628    0.1759        42       352    0.6797    0.8173    0.7994    0.4596         0    0.4429         0
   125/299      3.8G   0.03288     0.139 0.0001604    0.1721        55       352     0.678     0.813    0.7891    0.4624         0    0.4465         0
   126/299      3.8G   0.03339    0.1399 0.0001719    0.1735        64       352    0.6609    0.7921    0.7662    0.4773         0    0.4373         0
   127/299      3.8G   0.03255    0.1409 0.0001569    0.1736        56       352    0.6763    0.8212    0.8081    0.4739         0    0.4413         0
   128/299      3.8G   0.03315    0.1358 0.0001703    0.1691        27       352    0.6898    0.8319    0.8136    0.4796         0    0.4504         0
   129/299      3.8G   0.03251    0.1391 0.0001637    0.1718        75       352    0.6722    0.8345    0.8155    0.4787         0    0.4421         0
   130/299      3.8G   0.03213    0.1388 0.0001714    0.1711        23       352       0.7    0.8369    0.8228    0.4736         0    0.4638         0
   131/299      3.8G   0.03229     0.139 0.0001512    0.1714        40       352    0.6824    0.8104     0.799    0.4627         0     0.461         0
   132/299      3.8G     0.032     0.136 0.0001539    0.1681        62       352     0.679    0.8223    0.8036    0.4755         0    0.4638         0
   133/299      3.8G   0.03223    0.1355 0.0001458    0.1679        36       352    0.6355     0.757    0.7335    0.4364         0    0.4541         0
   134/299      3.8G   0.03242    0.1361 0.0001508    0.1687        83       352    0.6463    0.7924     0.781     0.456         0    0.4372         0
   135/299      3.8G   0.03217    0.1371 0.0001571    0.1694        25       352    0.6877    0.8279    0.8141    0.4796         0    0.4474         0
   136/299      3.8G   0.03167    0.1324 0.0001521    0.1643        27       352    0.7007    0.8316    0.8243    0.4733         0    0.4527         0
   137/299      3.8G   0.03238    0.1375 0.0001436      0.17        55       352    0.6723    0.8076    0.7896    0.4686         0    0.4499         0
   138/299      3.8G   0.03242     0.137 0.0001496    0.1696        21       352    0.6911    0.8199     0.803    0.4719         0    0.4356         0
   139/299      3.8G   0.03239    0.1366 0.0001537    0.1692        36       352    0.6672    0.8184    0.8039    0.4961         0    0.4427         0
   140/299      3.8G   0.03238    0.1354 0.0001546    0.1679        47       352    0.6451    0.7562    0.7362    0.4428         0    0.4388         0
   141/299      3.8G   0.03219    0.1337 0.0001481     0.166        49       352    0.7292    0.8584    0.8419    0.4996         0    0.4572         0
   142/299      3.8G   0.03207    0.1363 0.0001426    0.1685        70       352    0.6466    0.7743    0.7594    0.4488         0    0.4489         0
   143/299      3.8G   0.03209    0.1366 0.0001415    0.1688        38       352     0.616    0.7587    0.7277    0.4476         0    0.4487         0
   144/299      3.8G   0.03221    0.1349 0.0001475    0.1673        55       352    0.6809    0.8207    0.8085    0.4681         0    0.4421         0
   145/299      3.8G   0.03161    0.1344 0.0001418    0.1661        28       352     0.682    0.8177     0.805    0.4631         0    0.4531         0
   146/299      3.8G   0.03152    0.1306  0.000137    0.1622       104       352    0.6495    0.7732    0.7483    0.4563         0    0.4597         0
   147/299      3.8G    0.0318    0.1335 0.0001355    0.1654        68       352    0.7069    0.8249    0.8181    0.5009         0    0.4415         0
   148/299      3.8G   0.03136    0.1312 0.0001429    0.1627        47       352     0.638    0.7689    0.7427    0.4347         0    0.4612         0
   149/299      3.8G   0.03188    0.1345  0.000133    0.1665        34       352    0.6357    0.7546    0.7278    0.4473         0    0.4545         0
   150/299      3.8G   0.03203    0.1308 0.0001402     0.163        32       352    0.6916    0.8264    0.8149    0.4799         0    0.4547         0
   151/299      3.8G   0.03102    0.1332 0.0001361    0.1643        67       352    0.7085    0.8286    0.8272    0.4952         0    0.4548         0
   152/299      3.8G   0.03145    0.1324 0.0001284    0.1639        33       352    0.7165     0.834    0.8293    0.4937         0    0.4527         0
   153/299      3.8G   0.03142    0.1334 0.0001288     0.165        99       352    0.6374    0.7605    0.7585    0.4748         0     0.455         0
   154/299      3.8G   0.03094    0.1314 0.0001303    0.1625        27       352    0.6952    0.8284    0.8248    0.4767         0    0.4507         0
   155/299      3.8G   0.03132    0.1327 0.0001241    0.1641        72       352    0.7216    0.8527    0.8408    0.5056         0    0.4499         0
   156/299      3.8G   0.03129    0.1318 0.0001289    0.1632       111       352    0.6643    0.7748    0.7658    0.4825         0    0.4566         0
   157/299      3.8G   0.03111    0.1306 0.0001182    0.1618        37       352    0.6989    0.8157    0.8028    0.4805         0    0.4645         0
   158/299      3.8G   0.03109      0.13 0.0001155    0.1612       106       352    0.6823    0.7984    0.7769    0.4793         0    0.4641         0
   159/299      3.8G   0.03084      0.13 0.0001144     0.161        26       352    0.6885    0.8171     0.798    0.4752         0    0.4699         0
   160/299      3.8G   0.03079    0.1302 0.0001106    0.1611        38       352    0.6626    0.7787    0.7614     0.477         0    0.4597         0
   161/299      3.8G   0.03101    0.1345 0.0001126    0.1656        80       352    0.6992    0.8143    0.7989    0.4846         0    0.4624         0
   162/299      3.8G    0.0313    0.1293 0.0001219    0.1607        45       352    0.6716    0.7965    0.7727     0.473         0     0.466         0
   163/299      3.8G   0.03097    0.1283 0.0001129    0.1594        26       352    0.7129    0.8327    0.8262    0.5008         0    0.4647         0
   164/299      3.8G   0.03095    0.1319 0.0001156     0.163        30       352    0.6718     0.801    0.8045     0.492         0    0.4593         0
   165/299      3.8G   0.03048    0.1297 0.0001151    0.1603        24       352    0.7048    0.8213    0.8218     0.515         0     0.461         0
   166/299      3.8G   0.03091    0.1294 0.0001175    0.1604        69       352    0.6857    0.8034    0.7908    0.4897         0    0.4607         0
   167/299      3.8G   0.03069    0.1262 0.0001221     0.157        45       352    0.6894     0.802    0.7925    0.4826         0    0.4554         0
   168/299      3.8G   0.03094    0.1301 0.0001197    0.1611        58       352    0.6798    0.8002    0.7958    0.5005         0    0.4707         0
   169/299      3.8G   0.03012    0.1258  0.000109     0.156        49       352    0.6947    0.8116     0.803    0.4763         0     0.463         0
   170/299      3.8G   0.03079    0.1306 0.0001079    0.1615        39       352     0.724    0.8338    0.8312       0.5         0    0.4653         0
   171/299      3.8G   0.03062    0.1279 0.0001069    0.1586        87       352    0.6952    0.8121    0.7979    0.4616         0    0.4676         0
   172/299      3.8G   0.03007     0.128 0.0001102    0.1581        72       352    0.7086    0.8239    0.8212    0.5084         0    0.4694         0
   173/299      3.8G   0.03053    0.1298 0.0001021    0.1604        37       352    0.6811    0.8084     0.793    0.4789         0    0.4694         0
   174/299      3.8G   0.03071    0.1281 0.0001026    0.1589        13       352    0.6834    0.8069    0.7951    0.4848         0    0.4715         0
   175/299      3.8G   0.03019    0.1259 0.0001024    0.1562        58       352    0.7086    0.8209     0.816    0.4931         0     0.476         0
   176/299      3.8G   0.03075     0.129 0.0001011    0.1598       106       352    0.6882    0.8097    0.7902    0.4746         0      0.47         0
   177/299      3.8G   0.03007    0.1299 0.0001024    0.1601        45       352    0.6849    0.8016    0.7913    0.4861         0    0.4653         0
   178/299      3.8G   0.03047    0.1271  0.000103    0.1577        57       352     0.722    0.8473    0.8425    0.5165         0    0.4625         0
   179/299      3.8G   0.02993     0.126 9.895e-05     0.156        71       352    0.7192    0.8371    0.8314    0.5073         0     0.476         0
   180/299      3.8G   0.03006     0.129 9.868e-05    0.1592        76       352    0.6754    0.7929    0.7781    0.4883         0    0.4762         0
   181/299      3.8G   0.03016    0.1253  9.74e-05    0.1555        32       352    0.6895    0.8082    0.7996    0.4972         0    0.4773         0
   182/299      3.8G   0.03012    0.1266  9.98e-05    0.1568        80       352    0.7282    0.8407    0.8369    0.5205         0    0.4809         0
   183/299      3.8G   0.02998    0.1276 9.401e-05    0.1577        61       352    0.7268    0.8445     0.841    0.5182         0    0.4737         0
   184/299      3.8G   0.02944    0.1253 9.136e-05    0.1548        39       352    0.7031    0.8102    0.8044     0.498         0    0.4737         0
   185/299      3.8G   0.02996    0.1277 8.704e-05    0.1578        58       352    0.7306    0.8499    0.8399    0.5166         0    0.4792         0
   186/299      3.8G   0.02986    0.1258 8.854e-05    0.1557        45       352    0.6838    0.8116    0.7902    0.4856         0    0.4819         0
   187/299      3.8G   0.02973    0.1236 9.235e-05    0.1534       117       352    0.6336    0.7422    0.7319    0.4752         0    0.4824         0
   188/299      3.8G   0.03043    0.1265 8.832e-05    0.1571        55       352    0.6583    0.7675    0.7515    0.4665         0    0.4822         0
   189/299      3.8G   0.02944    0.1235 8.713e-05    0.1531        62       352    0.6683    0.7797    0.7746    0.4817         0    0.4913         0
   190/299      3.8G   0.02966    0.1237 8.706e-05    0.1534        48       352     0.692    0.8016    0.7953     0.495         0    0.4854         0
   191/299      3.8G   0.02969    0.1262 8.638e-05     0.156        55       352    0.7199    0.8313    0.8262    0.5101         0    0.4786         0
   192/299      3.8G   0.02994    0.1242 8.307e-05    0.1542        44       352    0.6778    0.7891    0.7846    0.4872         0    0.4826         0
   193/299      3.8G   0.02937    0.1225 8.221e-05    0.1519        39       352    0.7066    0.8321    0.8289    0.5123         0    0.4805         0
   194/299      3.8G   0.02967    0.1255 7.937e-05    0.1552        27       352    0.7165    0.8452    0.8396      0.51         0    0.4899         0
   195/299      3.8G   0.02987     0.126 7.858e-05    0.1559        56       352    0.7239    0.8469    0.8428    0.5137         0    0.4857         0
   196/299      3.8G   0.02953    0.1248  8.33e-05    0.1545        72       352    0.6969    0.8215    0.8165    0.5061         0    0.4868         0
   197/299      3.8G    0.0295     0.123 8.031e-05    0.1526        44       352    0.6907    0.8002    0.8052    0.4919         0     0.482         0
   198/299      3.8G   0.02993    0.1256 7.695e-05    0.1556       106       352    0.7349    0.8565    0.8462    0.5188         0    0.4948         0
   199/299      3.8G   0.02933    0.1223 7.679e-05    0.1517        17       352    0.7167    0.8388    0.8334    0.5215         0    0.4941         0
   200/299      3.8G   0.03005    0.1253 7.709e-05    0.1554        87       352    0.7203    0.8467    0.8403    0.5298         0    0.4869         0
   201/299      3.8G   0.02926     0.123  7.76e-05    0.1524        31       352    0.7301    0.8458    0.8461    0.5108         0    0.4835         0
   202/299      3.8G   0.02912     0.122 7.435e-05    0.1512        53       352    0.7277    0.8459      0.85    0.5203         0    0.4881         0
   203/299      3.8G   0.02942    0.1236   7.7e-05    0.1531        83       352    0.7358    0.8423    0.8462    0.5226         0    0.4859         0
   204/299      3.8G   0.02977    0.1214 7.547e-05    0.1512        55       352    0.7426    0.8367    0.8426    0.5217         0    0.4855         0
   205/299      3.8G   0.02909    0.1212 7.405e-05    0.1504        91       352    0.7336    0.8324    0.8302    0.5098         0    0.4842         0
   206/299      3.8G   0.02901    0.1218 7.393e-05    0.1509        97       352    0.7452    0.8501    0.8517    0.5137         0    0.4855         0
   207/299      3.8G   0.02929    0.1216 7.206e-05     0.151        72       352    0.7139    0.8246    0.8185    0.5058         0    0.4947         0
   208/299      3.8G   0.02936    0.1239 7.273e-05    0.1534       107       352    0.7258    0.8437    0.8424    0.5368         0    0.4938         0
   209/299      3.8G   0.02941    0.1227 7.445e-05    0.1522        28       352     0.731    0.8513    0.8496     0.535         0    0.4924         0
   210/299      3.8G   0.02938    0.1222 7.409e-05    0.1517        32       352    0.7369    0.8445    0.8435    0.5337         0    0.4888         0
   211/299      3.8G   0.02904    0.1213 7.494e-05    0.1504        26       352    0.7165    0.8372    0.8372    0.5096         0    0.4881         0
   212/299      3.8G   0.02894    0.1207 7.008e-05    0.1497        69       352    0.7457    0.8451    0.8415    0.5235         0    0.4989         0
   213/299      3.8G   0.02931    0.1225  6.84e-05    0.1519        51       352    0.7499    0.8505    0.8534    0.5291         0    0.4989         0
   214/299      3.8G   0.02894    0.1186 7.042e-05    0.1476        28       352    0.7322    0.8368    0.8381    0.5183         0    0.4965         0
   215/299      3.8G   0.02881    0.1168 7.181e-05    0.1457        67       352    0.7349    0.8426    0.8393    0.5205         0    0.4982         0
   216/299      3.8G   0.02879    0.1171 6.654e-05     0.146        22       352    0.7038    0.8125    0.8089    0.4731         0     0.498         0
   217/299      3.8G   0.02891    0.1192 6.422e-05    0.1482        40       352    0.7421    0.8377    0.8388    0.4994         0    0.5003         0
   218/299      3.8G   0.02874    0.1203 6.253e-05    0.1491        26       352    0.6978    0.8117    0.8053    0.4842         0    0.5074         0
   219/299      3.8G   0.02856    0.1194 6.304e-05     0.148        50       352    0.7031    0.8243    0.8163    0.4959         0    0.5075         0
   220/299      3.8G   0.02906    0.1226 6.482e-05    0.1517        61       352     0.708    0.8277    0.8244    0.4934         0    0.5058         0
   221/299      3.8G   0.02869    0.1186 6.697e-05    0.1473        54       352    0.6798    0.7905    0.7859    0.4851         0    0.5115         0
   222/299      3.8G   0.02883    0.1235 6.444e-05    0.1524        69       352    0.7028     0.807    0.8082    0.4868         0     0.507         0
   223/299      3.8G   0.02845    0.1176 6.074e-05    0.1461        40       352      0.68    0.7906    0.7871    0.4727         0     0.515         0
   224/299      3.8G   0.02857    0.1192 6.093e-05    0.1479        15       352    0.7075    0.8166     0.805    0.4897         0    0.5071         0
   225/299      3.8G   0.02833    0.1197  6.04e-05     0.148        22       352    0.7148    0.8248    0.8231    0.5135         0    0.5056         0
   226/299      3.8G   0.02888    0.1155  6.23e-05    0.1445        82       352    0.7194    0.8223    0.8239    0.5122         0    0.4997         0
   227/299      3.8G   0.02861    0.1185 6.036e-05    0.1472        31       352    0.7372    0.8392    0.8374    0.5163         0    0.5036         0
   228/299      3.8G    0.0284    0.1186 5.996e-05    0.1471        98       352    0.7284    0.8366    0.8358    0.5015         0    0.5004         0
   229/299      3.8G   0.02834    0.1188  6.16e-05    0.1472        63       352    0.7139    0.8183    0.8166    0.4969         0    0.5063         0
   230/299      3.8G   0.02839    0.1166 5.928e-05     0.145        47       352    0.7055    0.8116    0.8124    0.4885         0    0.5086         0
   231/299      3.8G   0.02873    0.1195 5.743e-05    0.1482        74       352     0.695    0.7952    0.7928    0.4733         0     0.505         0
   232/299      3.8G     0.028    0.1162 5.689e-05    0.1442        68       352    0.6861    0.7803    0.7851    0.4721         0    0.5112         0
   233/299      3.8G   0.02844    0.1174 5.618e-05    0.1459        27       352    0.6708    0.7699    0.7656    0.4831         0    0.5112         0
   234/299      3.8G    0.0283    0.1184 5.416e-05    0.1467        60       352     0.699    0.7937     0.788    0.4831         0    0.5069         0
   235/299      3.8G    0.0282    0.1179 5.355e-05    0.1461        71       352    0.7128    0.8075    0.8035    0.4979         0    0.5063         0
   236/299      3.8G   0.02844    0.1181 5.743e-05    0.1466        78       352    0.7097    0.8042    0.7958    0.4918         0    0.5105         0
   237/299      3.8G   0.02824    0.1186 5.362e-05    0.1469        35       352    0.6956    0.7962    0.7866     0.493         0    0.5092         0
   238/299      3.8G   0.02848    0.1174 5.384e-05     0.146        69       352    0.7131    0.8154    0.8096    0.4912         0    0.5105         0
   239/299      3.8G    0.0286     0.118 5.477e-05    0.1467        88       352    0.7385    0.8388    0.8351    0.5148         0    0.5055         0
   240/299      3.8G   0.02817     0.114 5.407e-05    0.1422        55       352    0.7524    0.8529    0.8552    0.5276         0    0.5087         0
   241/299      3.8G   0.02847    0.1164 5.273e-05    0.1449        61       352    0.7549     0.855    0.8558    0.5339         0    0.5108         0
   242/299      3.8G   0.02811    0.1173 5.157e-05    0.1455        70       352    0.7448    0.8494    0.8499    0.5147         0    0.5154         0
   243/299      3.8G    0.0282    0.1166 5.406e-05    0.1448        70       352    0.7433    0.8462    0.8478    0.5157         0    0.5139         0
   244/299      3.8G   0.02817    0.1166 4.959e-05    0.1448        24       352    0.7245    0.8325    0.8352    0.5082         0    0.5187         0
   245/299      3.8G   0.02781     0.115 4.903e-05    0.1428        60       352    0.7373    0.8462    0.8429    0.5079         0    0.5162         0
   246/299      3.8G   0.02804    0.1177 4.833e-05    0.1457        70       352    0.7317    0.8363    0.8374    0.5131         0    0.5124         0
   247/299      3.8G   0.02808    0.1147  4.96e-05    0.1428       148       352    0.7315    0.8321    0.8343    0.5082         0    0.5091         0
   248/299      3.8G   0.02797    0.1145  4.94e-05    0.1425        21       352    0.7177    0.8205    0.8216    0.5142         0    0.5095         0
   249/299      3.8G   0.02788    0.1138 4.706e-05    0.1417        61       352    0.7055    0.8057    0.8033    0.4982         0    0.5143         0
   250/299      3.8G   0.02798    0.1158 4.698e-05    0.1438        94       352    0.7222    0.8293    0.8286    0.5095         0    0.5176         0
   251/299      3.8G   0.02789     0.117 4.754e-05     0.145       127       352    0.7562    0.8552    0.8564    0.5348         0    0.5137         0
   252/299      3.8G   0.02778    0.1157 4.719e-05    0.1435        17       352    0.7356    0.8412    0.8457    0.5268         0     0.513         0
   253/299      3.8G    0.0275    0.1142 4.558e-05    0.1417        40       352    0.7179    0.8306    0.8323    0.5213         0     0.518         0
   254/299      3.8G   0.02822    0.1131 4.716e-05    0.1413        62       352    0.7446    0.8522    0.8518    0.5319         0     0.517         0
   255/299      3.8G    0.0276    0.1129 4.818e-05    0.1405        37       352    0.7376    0.8415    0.8408    0.5205         0    0.5242         0
   256/299      3.8G   0.02799    0.1167 4.629e-05    0.1447        70       352    0.7275    0.8381    0.8383    0.5162         0     0.525         0
   257/299      3.8G   0.02804    0.1154 4.701e-05    0.1434        56       352    0.7199    0.8263    0.8188    0.5076         0    0.5228         0
   258/299      3.8G   0.02787    0.1138 4.598e-05    0.1417        90       352    0.7317    0.8396    0.8313    0.5206         0    0.5278         0
   259/299      3.8G    0.0279    0.1155 4.526e-05    0.1434        36       352    0.7129    0.8205    0.8171    0.5013         0    0.5221         0
   260/299      3.8G   0.02787    0.1154 4.624e-05    0.1433        37       352    0.7129    0.8252    0.8186    0.5028         0    0.5248         0
   261/299      3.8G   0.02797    0.1156 4.365e-05    0.1436        40       352    0.7142    0.8172    0.8094    0.4931         0    0.5261         0
   262/299      3.8G   0.02766    0.1161  4.43e-05    0.1438        27       352    0.6688    0.7775    0.7644    0.4823         0    0.5247         0
   263/299      3.8G    0.0277    0.1127 4.454e-05    0.1404        29       352    0.7089    0.8233    0.8144    0.4987         0    0.5213         0
   264/299      3.8G   0.02749     0.113 4.691e-05    0.1406        97       352    0.6666    0.7789     0.771    0.4905         0    0.5194         0
   265/299      3.8G   0.02748    0.1125 4.401e-05    0.1401        16       352    0.6911    0.8016    0.7974    0.4985         0    0.5216         0
   266/299      3.8G   0.02753    0.1127 4.494e-05    0.1403        49       352    0.7304    0.8428    0.8443    0.5185         0    0.5233         0
   267/299      3.8G   0.02734    0.1108  4.37e-05    0.1382        15       352    0.7373    0.8479    0.8473    0.5187         0     0.522         0
   268/299      3.8G    0.0277    0.1144 4.417e-05    0.1422        47       352    0.7314     0.842    0.8396    0.5172         0    0.5221         0
   269/299      3.8G   0.02784    0.1139  4.33e-05    0.1418        60       352    0.7321    0.8402    0.8386    0.5149         0    0.5232         0
   270/299      3.8G   0.02755    0.1119 4.232e-05    0.1395        61       352    0.7264    0.8376    0.8379    0.5252         0    0.5238         0
   271/299      3.8G   0.02739    0.1105  4.37e-05     0.138        27       352    0.7131    0.8279    0.8296    0.5084         0    0.5236         0
   272/299      3.8G   0.02716    0.1109 4.139e-05    0.1381        47       352     0.705    0.8203    0.8191    0.5057         0    0.5235         0
   273/299      3.8G   0.02762    0.1122 4.139e-05    0.1399        22       352    0.7039    0.8137    0.8166    0.5075         0    0.5268         0
   274/299      3.8G   0.02788    0.1143 4.196e-05    0.1422        84       352    0.6974    0.8083    0.8133    0.4972         0    0.5318         0
   275/299      3.8G   0.02753    0.1103 4.092e-05    0.1378        30       352    0.7259    0.8391    0.8392    0.5115         0    0.5275         0
   276/299      3.8G   0.02739     0.112 4.169e-05    0.1394        62       352     0.728    0.8349    0.8352     0.505         0    0.5292         0
   277/299      3.8G   0.02721    0.1106 4.143e-05    0.1379        33       352    0.7205    0.8236     0.828    0.5064         0      0.53         0
   278/299      3.8G   0.02743    0.1133 4.154e-05    0.1407       113       352    0.7399    0.8438    0.8441    0.5256         0     0.526         0
   279/299      3.8G   0.02747    0.1125 4.027e-05      0.14        46       352    0.7357    0.8419    0.8401    0.5205         0    0.5238         0
   280/299      3.8G     0.027    0.1094 3.917e-05    0.1364        13       352    0.7271    0.8337    0.8315    0.5054         0    0.5252         0
   281/299      3.8G   0.02758    0.1141 3.889e-05    0.1417       111       352    0.7241    0.8343    0.8335    0.5131         0    0.5291         0
   282/299      3.8G   0.02752    0.1115 3.809e-05     0.139        30       352    0.7307    0.8378    0.8413    0.5014         0    0.5276         0
   283/299      3.8G   0.02736     0.114 3.942e-05    0.1414        51       352    0.7218    0.8273    0.8272    0.5004         0    0.5264         0
   284/299      3.8G    0.0274    0.1109 3.866e-05    0.1383        35       352    0.7142      0.82    0.8227    0.4917         0     0.523         0
   285/299      3.8G    0.0274      0.11 3.822e-05    0.1375        44       352    0.7111    0.8198    0.8199    0.4924         0    0.5225         0
   286/299      3.8G   0.02762    0.1125 4.201e-05    0.1401        22       352    0.7315    0.8397    0.8406    0.4985         0    0.5246         0
   287/299      3.8G   0.02724     0.112 3.766e-05    0.1393        39       352    0.7332    0.8394     0.839    0.4995         0    0.5285         0
   288/299      3.8G   0.02753    0.1147 3.765e-05    0.1422       112       352    0.7256    0.8313    0.8289     0.494         0    0.5255         0
   289/299      3.8G   0.02748    0.1101 3.695e-05    0.1376        34       352    0.7161    0.8211    0.8175    0.4876         0    0.5301         0
   290/299      3.8G   0.02715     0.112 3.964e-05    0.1392        45       352    0.7172    0.8179    0.8214    0.4994         0    0.5313         0
   291/299      3.8G   0.02742    0.1109 4.328e-05    0.1383        32       352    0.7312    0.8415    0.8458    0.5136         0    0.5315         0
   292/299      3.8G   0.02732    0.1112  3.89e-05    0.1386        27       352    0.7246    0.8317    0.8389    0.5118         0    0.5303         0
   293/299      3.8G   0.02717     0.111 3.735e-05    0.1382        55       352    0.7149    0.8215    0.8217    0.4967         0    0.5318         0
   294/299      3.8G   0.02724    0.1126 3.935e-05    0.1399        14       352    0.7097    0.8142    0.8128    0.4984         0    0.5333         0
   295/299      3.8G   0.02739     0.112 3.791e-05    0.1394        88       352    0.7264    0.8279    0.8294     0.505         0    0.5301         0
   296/299      3.8G   0.02752    0.1107 3.876e-05    0.1383        79       352    0.7411    0.8343    0.8399    0.5153         0    0.5307         0
   297/299      3.8G   0.02745    0.1115 3.843e-05     0.139        75       352    0.7371    0.8465    0.8483    0.5224         0    0.5319         0
   298/299      3.8G   0.02724    0.1116 3.674e-05    0.1389        13       352    0.7407    0.8508    0.8541    0.5285         0    0.5296         0
   299/299      3.8G   0.02718    0.1112 3.674e-05    0.1384        26       352    0.7486    0.8465    0.8524     0.523         0    0.5307         0
